rotation:
  rows: 3
  cols: 3
  data: [0.999994188186, 0.002082515210000002, 0.002685450738000014, -0.002081126300999999,
    0.999997715923, -0.0003445049210000002, -0.0026867686650000056, 0.00033807727199999994,
    0.999996450639]
translation:
  rows: 1
  cols: 3
  data: [0.024523467869348822, -0.00033177421239276566, -0.0012526625314539293]
